# Na:   Eqp = -3.272494 , npr =  11 , ER =
26.085106 -1.3924971 0.0004857497 -0.00020316757
12.013786 -2.8478105 0.053005897 -0.015613737
3.5025241 -0.45684633 0.0009711522 0.0005037915
0.019473143 -0.3084514 0.008483613 -0.10891903
0.042419683 0.3326916 0.121776894 -0.1847735
-0.04656892 0.05608328 0.38070357 0.3010273
-2.5952373 -3.0871437 -0.0045778356 -0.0016251075
-4.6632557 0.84938467 0.02884001 0.0033572598
-9.23046 0.10048223 0.41252246 0.0035621263
-22.236538 5.9945836 0.0007318853 -0.0090043675
-31.575703 -9.786076 0.00017754789 0.0021978025
# Na:   Eqp = 0.756802 , npr =  11 , ER =
20.397861 -14.623997 -0.023933718 -0.028995384
-1.5841151 -16.251259 -0.07294502 0.056120943
9.48318 3.7743278 -0.0079342 -0.0020065333
8.88575 -3.7929351 0.38328457 0.0067232554
5.729027 -0.94975257 -0.010516723 -0.051022947
-0.0017497306 -0.2615884 -0.10870642 0.05217913
-0.3147374 -0.1195292 0.68917394 -0.007928541
0.0049699717 0.36083022 0.080995426 -0.021032142
-8.245747 0.8111766 0.08579204 0.0052832835
-17.02258 12.695176 -0.004717284 -0.010938505
-56.389565 -21.492065 -0.0016194419 0.0012975982
# Si:   Eqp = 0.0 , npr =  9 , ER =
21.719978 22.163465 0.0002709002 -0.0005623994
28.538162 -13.233342 0.0016176011 -0.00020867526
20.983925 -4.32598 0.0021297508 -0.00047688556
-0.01370655 4.091141 0.013921747 -0.011220233
-0.014439614 -3.9415684 -0.015410844 -0.009631551
-2.0504525 -0.06851976 0.96042234 0.01789125
-17.206343 2.1678498 0.037772745 0.005864038
-25.066748 0.53343564 -4.392962e-05 -8.351279e-05
-46.1847 9.156227 -4.675438e-05 -0.00010038109
# Si:   Eqp = 0.694562 , npr =  9 , ER =
39.232506 -2.4885416 3.1038853e-05 -5.2470875e-07
25.953735 -4.7937455 -1.7441347e-05 -0.000889847
17.232319 -2.1815958 0.027546057 0.0037875716
1.3489872 -3.5555892 -0.016326929 -0.016993118
-1.5141555 3.0706275 0.0069626323 -0.030991297
-1.0163437 -0.057378884 0.9808002 0.047587473
-21.311384 3.8644257 0.0013975877 -0.0005981691
-33.227055 -3.8461864 -1.369669e-05 -5.5496093e-05
-19.667364 -89.34051 0.0020608134 -0.00037573042
# Cu:   Eqp = -9.257531 , npr =  11 , ER =
-92.81943 3.344258 5.6213186e-05 -0.00018334619
-73.78883 7.170283 0.002191015 -0.0017067904
33.25639 -21.17708 0.035135925 -0.015955672
44.298027 -3.8287475 0.00039352535 0.0006586607
-49.39523 27.332527 0.010667849 0.026402354
-24.139751 8.354547 0.20533128 0.106761314
-24.00266 0.73274726 -0.009837407 -0.0035994474
-11.576469 -4.296606 -0.005450087 -0.006270426
-0.23128726 0.6996559 0.6729588 -0.13999447
0.824396 10.368857 0.084541686 0.02543446
178.72371 262.13483 -0.004641641 -0.033840414
# Cu:   Eqp = 7.088932 , npr =  11 , ER =
132.45708 84.380585 0.007732818 -0.004542679
-65.054344 29.27267 -0.011229486 0.0029970813
-33.557095 -18.32823 -0.0053201253 -0.0019920424
-25.274324 16.755579 0.053075984 -0.018104915
-0.01656988 -0.18522787 0.7484233 -0.052874446
18.848558 -14.647992 0.23774654 0.061002854
17.389933 -1.8674442 -0.007909348 -0.0038919945
25.360256 -3.1027 -0.0023455233 -0.013518966
41.592854 -0.66118646 -3.3925022e-05 -8.2320876e-05
63.872326 -16.480272 -0.002717276 0.002943299
80.4939 -7.8867064 0.0011134403 -4.1376737e-05
# MoS2: Eqp = 0.0 , npr =  11 , ER =
-17.710247 25.14153 0.09123312 0.031020219
-27.029392 5.9960613 0.035554886 0.04133664
-4.033072 3.5552647 0.060621675 -0.081148304
-3.4341693 0.52860576 -0.0042987512 -0.0014547887
-0.0030832298 0.32378617 0.11972398 -0.16690193
-0.06491764 -0.03278678 0.7209459 0.47802332
0.00029428815 -0.24556139 -0.09048399 -0.28025898
-0.56804144 -3.067624 -0.008950669 -0.0220584
9.730368 -1.796097 0.014706594 -0.0044275746
23.796608 -10.387914 0.06693593 0.0034995012
112.56712 -9.779352 0.024357164 0.035448734
# MoS2: Eqp = 1.718994 , npr =  11 , ER =
-29.699627 8.595827 0.014982383 0.024492536
-15.856282 11.344516 0.023352187 -0.049266137
-10.530463 3.5007346 0.02114054 0.0019446107
-0.096006446 0.28558755 -0.011223206 0.012068527
0.11957436 -0.34826496 0.012404227 0.02556332
1.0065514 0.07560104 0.7228843 -0.024103817
4.544308 3.7678604 -0.012940397 0.00032606052
4.6629777 -2.160535 0.059228644 -0.044027917
8.288791 -1.7033819 0.019165698 -0.005915302
27.683147 -7.428776 0.0272472 0.07045172
21.470684 -17.073402 0.122134276 -0.039497152
# NaCl: Eqp = 0.0 , npr =  11 , ER =
42.079697 9.118179 -0.00014311705 -0.000532764
35.142662 -16.348148 0.014673992 0.0008764168
8.644677 -16.462294 -0.009054722 -0.0028430503
0.04695248 -1.7010674 -0.0003779011 0.00263591
0.15530515 -0.28186923 -0.00034289574 0.0004410292
-0.17788543 0.3390615 -0.00040425747 0.0008472838
-3.2489579 0.7409272 -0.004983655 -0.0136102885
-6.203162 0.07371393 0.8899597 0.035568915
-11.213479 -0.6171451 0.037630644 -0.03445823
-26.026205 6.189555 0.0076414803 -0.01037136
-45.483963 15.56172 -0.004064278 0.013287573
# NaCl: Eqp = 3.072776 , npr =  11 , ER =
-54.38348 8.590767 -6.74173e-05 -5.7433583e-05
-30.841871 12.065344 0.0005600253 -0.0013004605
-14.112409 -3.3943887 -0.0013834437 -0.0006962629
-6.9411917 4.1018605 0.003468966 -0.0067219744
-0.28030503 0.04765129 0.9588966 0.015555628
3.1522198 -2.514234 0.023385253 -0.007639138
11.676074 -0.53219265 0.0013151333 -9.106715e-05
21.410652 -3.7550175 0.0022532274 0.0023713794
27.226763 -7.7947316 0.0004423154 -0.0035012385
42.671368 9.005696 1.3579022e-05 6.933442e-05
70.63301 55.501686 -0.0023125827 0.004848842
# F2:   Eqp = 0.0 , npr =  11 , ER =
-73.74916 9.709186 0.0017202127 -0.005571139
-59.49493 20.253813 0.020851554 0.039356828
-32.132233 10.542771 0.049066387 0.0007781586
-19.171173 2.198718 0.062245324 -0.019497296
-12.653082 5.7547207 0.0477283 -0.020513231
-4.5986705 -0.038844857 0.8109084 0.006352802
3.775443 -5.3716254 -0.003662441 -0.0014474085
20.98648 -9.247327 -0.0020394623 6.027705e-05
45.622356 2.8792722 0.000102658356 -1.3577436e-05
39.298416 -44.469975 0.01371276 -0.007277773
189.65094 85.21519 -0.0026543795 -0.006046255
# F2:   Eqp = 3.478717 , npr =  11 , ER =
-73.0156 9.426996 -0.0011534431 -0.0010533393
-47.981575 22.659607 0.030033715 0.0013459931
-25.053442 1.8038015 0.011910597 -0.000599109
4.534134 6.969508 -0.012649682 0.0039180666
5.660875 0.08281709 0.8451867 -0.0054820604
17.585772 -5.2923365 0.082243495 0.025208877
24.913609 -10.186092 0.046890408 -0.05157936
36.191906 -5.577944 0.00022295966 0.0027648588
63.810547 -17.064226 0.0034401636 0.009821932
74.98535 -3.0040698 0.0003672393 -0.00043198076
-7.381594 -351.8294 0.04086715 0.041708376
