# Na:   Eqp = -3.272494 , npr =  11 , ER =
25.367563 -2.0946643 0.5581842 -0.25939518
11.310162 -2.5699465 10.142155 -7.5530148
5.648251 -1.1702262 0.03194826 0.2164109
0.09313265 -0.3075839 -0.010904761 0.026693482
-0.09443991 0.32898763 -0.0039750007 0.03445288
-5.7360024 0.271249 13.491028 5.105411
-4.1035843 0.7529482 6.0434103 -7.4465513
-4.1757045 2.2801106 2.3562348 1.4448949
-23.907824 6.1158724 -0.73621714 -3.291856
-37.29497 -8.504779 0.3515791 1.6223863
-25.498722 -279.78357 -27.175905 -940.3597
# Na:   Eqp = 0.756802 , npr =  11 , ER =
-19.640762 7.901192 -2.21023 0.21844378
-6.999263 -8.81728 1.8443414 -5.194629
-7.507066 0.7018986 6.475156 -0.57997715
-0.09564622 -0.30428845 0.008826139 0.007353708
0.044578843 0.34324968 0.005566314 0.01548984
5.5736165 -0.3499716 6.1944985 -4.451036
6.699876 -3.2076464 13.1558895 -9.263588
9.976293 0.8370113 0.11696557 -0.20197979
21.14795 -8.202645 -1.3948698 3.757322
89.70533 -45.37658 14.9871645 88.50823
-266.44504 205.9626 587.3471 -324.07208
# Si:   Eqp = 0.0 , npr =  9 , ER =
23.087194 -13.935956 2.8078735 -2.8820636
26.217232 -5.1187963 -0.1481421 0.40823343
19.402817 -2.9464598 0.12493986 -0.4288332
-12.411516 4.194549 -0.10731883 -0.292221
5.947853 -5.491504 -0.035844095 0.1057326
-16.73048 2.268166 8.469275 -0.85300654
-26.830027 1.0256267 0.064476326 -0.06553623
-40.650177 7.530526 -0.087924756 0.10757396
-4426.5967 816.26776 -11068.049 1918.4672
# Si:   Eqp = 0.694562 , npr =  9 , ER =
38.21891 -0.6279453 0.01190834 -0.00520649
25.468433 -6.515915 -0.41403455 -0.9945021
16.718607 -2.319437 9.270271 -1.1120633
6.554395 -4.450477 -0.05580195 -0.13641028
2.606902 -0.7882966 0.004002256 0.014235772
-12.082553 1.4843061 0.04350035 0.011533164
-21.552355 5.227518 0.82349086 -0.5821289
-41.055367 2.8581553 0.07575796 0.06671043
-641.2901 400.4556 -352.2072 189.14742
# Cu:   Eqp = -9.257531 , npr =  11 , ER =
-256.35318 117.381325 -730.83887 1114.4337
45.918285 -3.5643442 -0.6881835 0.00066679466
32.72047 -18.96458 26.585283 -70.287025
8.931709 -2.6864069 0.71566 0.97744346
-14.161598 3.0412884 2.1227775 1.7906426
-18.022865 10.527644 135.40942 -45.09134
-24.26931 0.70943606 0.71973795 -2.740803
-41.85418 27.411446 -18.690615 -87.22651
-74.2361 8.926788 3.893268 -43.291706
-81.00686 11.976121 -44.990475 39.24884
250.88075 -115.83863 832.59503 200.09694
# Cu:   Eqp = 7.088932 , npr =  11 , ER =
178.66139 -95.7846 -1753.331 2488.187
-65.50299 30.667782 -33.396694 -37.86209
-35.59499 17.95588 57.303238 -48.393383
-24.489513 15.308062 23.49007 -9.221073
12.378817 -12.259632 42.604977 -71.124115
19.49267 -2.0004504 6.0897655 -2.7845745
24.355501 -3.3313274 3.3872416 -14.553804
42.800964 -1.4217209 0.41960323 0.40173903
81.1374 -7.114598 8.387714 8.268205
65.47569 -16.848152 -17.05864 38.187134
127.446884 -102.07097 787.4684 -1907.9551
# MoS2: Eqp = 0.0 , npr =  8 , ER =
-33.79184 18.508408 23.609488 -58.428303
-25.306877 8.381013 61.411335 34.622547
-6.2520447 5.5163045 -2.5190575 -6.82915
102.424576 -46.451763 215.24173 -4.637328
21.574594 -8.884729 28.474949 -30.895937
-4.5437903 1.3564652 0.5028703 -1.0148371
-6.1898327 1.4338264 0.22650789 -0.51201034
9.363626 -2.2593877 2.2538173 -2.0342488
# MoS2: Eqp = 1.718994 , npr =  8 , ER =
-24.579746 8.605557 35.971462 -15.698105
-8.465111 2.8425274 0.8882088 -3.324775
361.23154 -222.85153 -1553.0381 1582.2919
35.054684 -31.037151 6.9911327 -176.07951
4.248235 -0.73967093 -0.06535184 -0.50199294
5.840169 -4.288128 -0.8728278 -7.258924
10.393715 -2.8196425 -0.76040334 2.1136985
24.061224 -8.849005 76.14923 23.072449
# F2:   Eqp = 0.0 , npr =  9 , ER =
-83.10571 7.4334764 47.26168 -37.907173
-31.150854 12.48878 23.82263 -15.017752
-13.088176 2.1611695 4.636466 0.37921232
169.40384 -4.493385 1212.6603 -41.357998
31.26553 -18.920732 25.849663 -40.45666
-4.3582497 0.80764323 0.29406255 0.19023564
-5.9575214 2.2361317 0.47666723 -1.7024662
-9.2662735 3.355469 -4.6922073 2.259848
25.41038 -4.559855 -1.2845466 0.048853535
# F2:   Eqp = 3.072776 , npr =  11 , ER =
-91.55811 21.845665 26.96873 -36.65494
93.79348 -20.813036 51.68321 -37.43412
28.023844 -13.111096 2.2856517 -11.530627
28.2966 -3.648895 0.77860725 0.5688197
22.834255 -4.1698313 0.7413841 3.2039967
12.215997 -1.3443645 0.3940861 0.25604928
3.8868933 -1.521751 0.27355814 -0.29318884
-14.698686 2.687179 0.5648595 -0.025186881
-46.772648 15.316644 9.196701 -7.2949214
-40.093746 11.304098 0.6903159 5.599567
133.11324 -50.56798 -6.786001 19.580242
# F2:   Eqp = 0.0 , npr =  11 , ER =
58.07706 -45.28152 39.213787 -103.62874
34.8808 -15.241672 1.4971893 2.0520675
-899.7767 707.67633 -8082.424 5800.2866
-95.999565 7.2262707 -0.85273534 -4.6332455
-13.621063 2.1092136 2.7725978 -0.45702338
-17.792204 1.8435754 16.57994 -9.262845
-30.238817 10.481394 38.47017 -23.931908
-54.899525 19.501955 116.08069 7.051367
-75.42762 8.915702 17.241861 -42.466667
-76.01964 6.5872054 -9.103743 15.606733
-49.91699 0.6423905 -0.08728908 0.13328908
# F2:   Eqp = 3.478717 , npr =  11 , ER =
-82.12973 45.430737 67.03375 -71.420944
-74.980156 7.9597816 -3.418442 0.49246284
-47.469963 20.064096 72.87034 -29.016771
-24.481457 1.7201169 12.775209 -2.450403
11.558572 -1.6148344 0.07183393 0.26105243
16.643206 -3.0746455 7.6287975 -3.03483
30.788067 -12.575783 93.08925 -11.791498
39.317223 -15.9121475 -46.344845 -82.95204
60.75508 -4.262089 -0.15157379 -0.106075026
80.797905 -2.3886828 0.42092773 -0.38431534
479.87674 -192.4007 -2886.134 1806.0511
